Inputs Accepted!
matrix size: 12 x 12
number type float 4 bytes 
input matrix: 

0.840188   0.394383   0.783099   0.79844    0.911647   0.197551   0.335223   0.76823    0.277775   0.55397    0.477397   0.628871   
0.364784   0.513401   0.95223    0.916195   0.635712   0.717297   0.141603   0.606969   0.0163006  0.242887   0.137232   0.804177   
0.156679   0.400944   0.12979    0.108809   0.998924   0.218257   0.512932   0.839112   0.61264    0.296032   0.637552   0.524287   
0.493583   0.972775   0.292517   0.771358   0.526745   0.769914   0.400229   0.891529   0.283315   0.352458   0.807725   0.919026   
0.0697553  0.949327   0.525995   0.0860558  0.192214   0.663227   0.890233   0.348893   0.0641713  0.020023   0.457702   0.0630958  
0.23828    0.970634   0.902208   0.85092    0.266666   0.53976    0.375207   0.760249   0.512535   0.667724   0.531606   0.0392803  
0.437638   0.931835   0.93081    0.720952   0.284293   0.738534   0.639979   0.354049   0.687861   0.165974   0.440105   0.880075   
0.829201   0.330337   0.228968   0.893372   0.35036    0.68667    0.956468   0.58864    0.657304   0.858676   0.43956    0.92397    
0.398437   0.814767   0.684219   0.910972   0.482491   0.215825   0.950252   0.920128   0.14766    0.881062   0.641081   0.431953   
0.619596   0.281059   0.786002   0.307458   0.447034   0.226107   0.187533   0.276235   0.556444   0.416501   0.169607   0.906804   
0.103171   0.126075   0.495444   0.760475   0.984752   0.935004   0.684445   0.383188   0.749771   0.368664   0.29416    0.232262   
0.584489   0.244413   0.15239    0.732149   0.125475   0.79347    0.164102   0.745071   0.0745298  0.950104   0.0525293  0.521563   

transpose matrix: 

0.840188   0.364784   0.156679   0.493583   0.0697553  0.23828    0.437638   0.829201   0.398437   0.619596   0.103171   0.584489   
0.394383   0.513401   0.400944   0.972775   0.949327   0.970634   0.931835   0.330337   0.814767   0.281059   0.126075   0.244413   
0.783099   0.95223    0.12979    0.292517   0.525995   0.902208   0.93081    0.228968   0.684219   0.786002   0.495444   0.15239    
0.79844    0.916195   0.108809   0.771358   0.0860558  0.85092    0.720952   0.893372   0.910972   0.307458   0.760475   0.732149   
0.911647   0.635712   0.998924   0.526745   0.192214   0.266666   0.284293   0.35036    0.482491   0.447034   0.984752   0.125475   
0.197551   0.717297   0.218257   0.769914   0.663227   0.53976    0.738534   0.68667    0.215825   0.226107   0.935004   0.79347    
0.335223   0.141603   0.512932   0.400229   0.890233   0.375207   0.639979   0.956468   0.950252   0.187533   0.684445   0.164102   
0.76823    0.606969   0.839112   0.891529   0.348893   0.760249   0.354049   0.58864    0.920128   0.276235   0.383188   0.745071   
0.277775   0.0163006  0.61264    0.283315   0.0641713  0.512535   0.687861   0.657304   0.14766    0.556444   0.749771   0.0745298  
0.55397    0.242887   0.296032   0.352458   0.020023   0.667724   0.165974   0.858676   0.881062   0.416501   0.368664   0.950104   
0.477397   0.137232   0.637552   0.807725   0.457702   0.531606   0.440105   0.43956    0.641081   0.169607   0.29416    0.0525293  
0.628871   0.804177   0.524287   0.919026   0.0630958  0.0392803  0.880075   0.92397    0.431953   0.906804   0.232262   0.521563   

squaring results using cpp: 

3.13169    3.84377    3.47221    4.15465    3.74256    3.85144    3.69155    4.35303    2.59516    3.18889    3.05241    4.12121    
2.51689    3.60807    2.81105    3.66403    3.01161    3.50854    2.84327    4.11609    2.15783    2.89813    2.72739    3.41584    
2.19363    3.13172    2.9927     3.49943    2.39625    3.37726    3.48152    3.04004    2.01302    2.62859    2.12632    2.84194    
3.28249    4.13289    4.1359     5.35122    3.70457    4.75097    3.6676     4.69066    2.75248    3.79214    2.92436    4.30332    
1.50221    2.71157    2.95607    3.04236    2.32553    2.75469    2.17381    2.5267     1.94392    1.64287    1.73663    2.49126    
2.75319    3.84151    3.77232    4.37124    3.82617    3.65251    3.41041    4.26064    2.77612    2.97857    3.01804    4.22697    
2.91548    4.30326    4.00761    4.94784    3.80839    4.11183    3.45346    4.92438    2.57046    3.58108    3.1174     4.12134    
3.76809    4.60044    4.56707    5.38219    3.64364    4.33229    3.78254    4.85439    3.02165    4.02865    3.25871    4.80949    
3.37609    4.14724    4.16383    4.78321    3.93796    4.4572     3.77843    4.34414    3.22618    3.18763    3.08766    5.06402    
2.32148    2.72618    2.55205    3.11561    2.72242    2.57135    2.51251    3.50478    1.70915    2.76862    2.13748    2.89808    
2.18768    4.45896    3.55788    3.74465    2.68252    3.43536    3.66401    3.84929    2.3685     2.73242    3.05604    3.02783    
2.78159    2.8795     2.9329     3.52367    2.34737    2.72592    2.19935    3.26143    2.10242    2.86195    2.13185    3.36679    

squaring results using avx: 

3.13169    3.84377    3.47221    4.15465    3.74256    3.85144    3.69155    4.35303    2.59516    3.18889    3.05241    4.12121    
2.51689    3.60807    2.81105    3.66403    3.01161    3.50854    2.84327    4.11609    2.15783    2.89813    2.72739    3.41584    
2.19363    3.13172    2.9927     3.49943    2.39625    3.37726    3.48152    3.04004    2.01302    2.62859    2.12632    2.84194    
3.28249    4.13289    4.1359     5.35122    3.70457    4.75097    3.6676     4.69066    2.75248    3.79214    2.92436    4.30332    
1.50221    2.71157    2.95607    3.04236    2.32553    2.75469    2.17381    2.5267     1.94392    1.64287    1.73663    2.49126    
2.75319    3.84151    3.77232    4.37124    3.82617    3.65251    3.41041    4.26064    2.77612    2.97857    3.01804    4.22697    
2.91548    4.30326    4.00761    4.94784    3.80839    4.11183    3.45346    4.92438    2.57046    3.58108    3.1174     4.12134    
3.76809    4.60044    4.56707    5.38219    3.64364    4.33229    3.78254    4.85439    3.02165    4.02865    3.25871    4.80949    
3.37609    4.14724    4.16383    4.78321    3.93796    4.4572     3.77843    4.34414    3.22618    3.18763    3.08766    5.06402    
2.32148    2.72618    2.55205    3.11561    2.72242    2.57135    2.51251    3.50478    1.70915    2.76862    2.13748    2.89808    
2.18768    4.45896    3.55788    3.74465    2.68252    3.43536    3.66401    3.84929    2.3685     2.73242    3.05604    3.02783    
2.78159    2.8795     2.9329     3.52367    2.34737    2.72592    2.19935    3.26143    2.10242    2.86195    2.13185    3.36679    
