Inputs Accepted!
matrix size: 12 x 12
number type fixed 2 bytes 
input matrix: 

47769      56378      26519      46989      9135       41729      27574      42772      57559      33587      42822      10325      
48654      57605      22045      7866       65412      40254      63404      55304      56549      5656       12825      48243      
61578      55974      1746       36253      15821      10337      15159      63590      1178       41678      45043      10313      
17871      7080       53085      9894       40667      30371      20219      23785      22440      42263      31650      22316      
16981      29518      12083      7994       35173      24908      56236      31215      15346      57982      1932       31167      
2783       17091      29220      3961       58768      8727       14274      11103      15807      1823       20996      56473      
32194      41215      14722      54633      17942      46372      11413      34922      10353      23496      42916      45526      
48404      33616      11205      63749      26062      13137      29380      28844      30228      58600      32805      23460      
1790       47078      34562      17597      48901      55558      8534       15558      31237      23255      4655       49178      
4091       16068      18564      14444      39563      61480      59970      22431      29559      5639       20644      55621      
18776      50023      18929      49003      43087      51733      6927       44877      33275      41489      62473      16640      
31511      5471       32198      62747      28726      36853      46389      32816      52920      64953      47260      26947      

transpose matrix: 

47769      48654      61578      17871      16981      2783       32194      48404      1790       4091       18776      31511      
56378      57605      55974      7080       29518      17091      41215      33616      47078      16068      50023      5471       
26519      22045      1746       53085      12083      29220      14722      11205      34562      18564      18929      32198      
46989      7866       36253      9894       7994       3961       54633      63749      17597      14444      49003      62747      
9135       65412      15821      40667      35173      58768      17942      26062      48901      39563      43087      28726      
41729      40254      10337      30371      24908      8727       46372      13137      55558      61480      51733      36853      
27574      63404      15159      20219      56236      14274      11413      29380      8534       59970      6927       46389      
42772      55304      63590      23785      31215      11103      34922      28844      15558      22431      44877      32816      
57559      56549      1178       22440      15346      15807      10353      30228      31237      29559      33275      52920      
33587      5656       41678      42263      57982      1823       23496      58600      23255      5639       41489      64953      
42822      12825      45043      31650      1932       20996      42916      32805      4655       20644      62473      47260      
10325      48243      10313      22316      31167      56473      45526      23460      49178      55621      16640      26947      

squaring results using cpp: 

38018      37576      18263      43027      27852      64179      3861       52932      4468       14002      53418      32280      
14629      23875      8280       40044      65059      63331      63541      7433       6687       5415       37484      28263      
44232      29608      8973       8940       17637      57460      46908      11022      6565       11278      40833      4549       
44354      21554      45503      63999      33486      43018      30180      5167       21780      26571      52532      56045      
24357      31665      50517      56032      53277      35772      60860      6613       37509      46948      56214      27128      
62335      19233      30268      5341       46404      50179      59602      23037      54567      4852       30255      39095      
11659      15322      64690      17418      21660      22027      15234      48735      38563      45610      15924      3805       
39234      38632      9742       2127       12137      55656      39271      55973      18856      14021      54610      50492      
5905       54185      63311      59310      31335      37122      4262       6860       12477      55438      51738      33798      
52520      51783      55873      22744      43772      40205      44777      27916      31021      46362      23414      2116       
54622      55976      51431      4662       59630      9171       32348      60261      22746      45701      38951      50185      
17245      60320      60961      50816      56825      18722      56641      12917      46287      9411       39029      59205      

squaring results using avx: 

0          0          0          0          0          0          0          0          0          0          0          0          
0          0          0          0          0          0          0          0          0          0          0          0          
0          0          0          0          0          0          0          0          0          0          0          0          
0          0          0          0          0          0          0          0          0          0          0          0          
0          0          0          0          0          0          0          0          0          0          0          0          
0          0          0          0          0          0          0          0          0          0          0          0          
0          0          0          0          0          0          0          0          0          0          0          0          
0          0          0          0          0          0          0          0          0          0          0          0          
0          0          0          0          0          0          0          0          0          0          0          0          
0          0          0          0          0          0          0          0          0          0          0          0          
0          0          0          0          0          0          0          0          0          0          0          0          
0          0          0          0          0          0          0          0          0          0          0          0          
